       5779;201001070520;    3;  900.8; -13.0; -13.0;  90.8; -14.2
       5779;201001070530;    3;  900.9; -13.0; -12.9;  90.8; -14.2
       5779;201001070540;    3;  900.9; -13.0; -12.8;  90.8; -14.2
       5779;201001070550;    3;  900.8; -12.9; -12.7;  90.9; -14.1
       5779;201001070600;    3;  901.1; -12.9; -12.6;  91.0; -14.1
       5779;201001070610;    3;  901.3; -12.8; -12.5;  91.0; -14.0
       5779;201001070620;    3;  901.6; -12.7; -12.5;  91.1; -13.9
       5779;201001070630;    3;  901.8; -12.7; -12.4;  91.1; -13.9
       5779;201001070640;    3;  901.7; -12.6; -12.3;  91.1; -13.8
       5779;201001070650;    3;  901.9; -12.6; -12.3;  91.1; -13.8
       5779;201001070700;    3;  901.9; -12.5; -12.5;  91.1; -13.7
       5779;201001070710;    3;  901.9; -12.6; -12.7;  91.0; -13.8
       5779;201001070720;    3;  902.0; -12.6; -12.8;  91.1; -13.8
       5779;201001070730;    3;  902.2; -12.6; -12.8;  91.1; -13.8
       5779;201001070740;    3;  902.6; -12.6; -13.5;  91.0; -13.8
       5779;201001070750;    3;  903.0; -12.7; -14.6;  90.6; -13.9
       5779;201001070800;    3;  903.0; -13.0; -14.4;  90.3; -14.3
       5779;201001070810;    3;  903.1; -12.9; -14.2;  90.6; -14.1
       5779;201001070820;    3;  903.1; -13.1; -14.0;  90.4; -14.3
       5779;201001070830;    3;  903.3; -13.0; -12.5;  90.6; -14.2
       5779;201001070840;    3;  903.3; -13.0; -12.6;  90.7; -14.2
       5779;201001070850;    3;  903.4; -12.8; -12.1;  91.0; -14.0
       5779;201001070900;    3;  903.5; -12.6; -11.7;  91.2; -13.7
       5779;201001070910;    3;  903.5; -12.2; -10.3;  91.6; -13.3
       5779;201001070920;    3;  903.6; -11.8; -10.1;  92.0; -12.8
       5779;201001070930;    3;  903.7; -11.6; -10.3;  91.9; -12.7
       5779;201001070940;    3;  903.8; -11.4; -10.0;  92.0; -12.4
       5779;201001070950;    3;  903.8; -11.1; -10.5;  92.3; -12.1
       5779;201001071000;    3;  903.9; -11.0; -10.9;  93.8; -11.8
       5779;201001071010;    3;  903.9;  -9.8;  -8.0;  96.7; -10.2
       5779;201001071020;    3;  904.0; -10.2;  -8.0;  92.8; -11.1
       5779;201001071030;    3;  904.0;  -9.9;  -7.7;  93.6; -10.7
       5779;201001071040;    3;  904.1;  -9.7;  -5.9;  94.0; -10.5
       5779;201001071050;    3;  904.2;  -9.6; -10.1;  92.7; -10.6
       5779;201001071100;    3;  904.2;  -9.4;  -8.4;  93.2; -10.3
       5779;201001071110;    3;  904.3;  -9.3;  -8.6;  93.7; -10.1
       5779;201001071120;    3;  904.3;  -8.6;  -6.8;  94.9;  -9.3
       5779;201001071130;    3;  904.4;  -8.3;  -5.5;  94.8;  -9.0
       5779;201001071140;    3;  904.4;  -8.0;  -5.6;  94.8;  -8.7
       5779;201001071150;    3;  904.4;  -8.2;  -6.7;  93.8;  -9.0
       5779;201001071200;    3;  904.4;  -8.3;  -6.9;  94.1;  -9.1
       5779;201001071210;    3;  904.6;  -8.2;  -6.9;  94.3;  -9.0
       5779;201001071220;    3;  904.7;  -7.9;  -5.8;  94.9;  -8.6
       5779;201001071230;    3;  904.7;  -7.8;  -5.9;  94.5;  -8.5
       5779;201001071240;    3;  904.9;  -7.6;  -5.5;  94.9;  -8.3
       5779;201001071250;    3;  905.0;  -8.2;  -9.5;  93.6;  -9.1
       5779;201001071300;    3;  905.0;  -8.6;  -9.6;  93.7;  -9.4
       5779;201001071310;    3;  905.1;  -8.5;  -9.7;  94.1;  -9.3
       5779;201001071320;    3;  905.1;  -8.7; -10.2;  93.7;  -9.5
       5779;201001071330;    3;  905.1;  -8.9; -10.0;  93.7;  -9.7
       5779;201001071340;    3;  905.3;  -9.3;  -9.7;  92.9; -10.2
       5779;201001071350;    3;  905.3;  -9.5;  -9.9;  93.3; -10.4
       5779;201001071400;    3;  905.5;  -9.2;  -9.9;  93.9; -10.0
       5779;201001071410;    3;  905.5;  -9.2; -10.7;  93.5; -10.1
       5779;201001071420;    3;  905.5;  -9.4; -10.8;  93.2; -10.3
       5779;201001071430;    3;  905.6;  -9.5; -11.0;  93.2; -10.4
       5779;201001071440;    3;  905.7;  -9.7; -11.3;  92.9; -10.6
       5779;201001071450;    3;  905.7;  -9.9; -11.8;  92.8; -10.8
       5779;201001071500;    3;  905.6; -10.3; -12.9;  92.4; -11.3
       5779;201001071510;    3;  905.6; -10.6; -12.8;  92.3; -11.6
       5779;201001071520;    3;  905.5; -10.7; -12.5;  92.4; -11.7
       5779;201001071530;    3;  905.7; -10.7; -12.6;  92.6; -11.7
       5779;201001071540;    3;  905.7; -10.9; -12.5;  92.3; -11.9
       5779;201001071550;    3;  905.7; -10.8; -12.5;  92.4; -11.8
       5779;201001071600;    3;  905.9; -10.9; -13.1;  92.2; -11.9
       5779;201001071610;    3;  905.9; -10.9; -12.9;  92.3; -11.9
       5779;201001071620;    3;  906.2; -11.0; -14.0;  92.1; -12.0
       5779;201001071630;    3;  906.2; -11.1; -13.6;  92.2; -12.1
       5779;201001071640;    3;  906.6; -11.3; -13.5;  91.8; -12.4
       5779;201001071650;    3;  906.7; -11.5; -12.7;  91.7; -12.6
       5779;201001071700;    3;  906.8; -11.4; -11.9;  92.2; -12.4
       5779;201001071710;    3;  907.0; -11.2; -11.5;  92.4; -12.2
       5779;201001071720;    3;  907.1; -10.9; -10.8;  92.8; -11.8
       5779;201001071730;    3;  907.1; -10.6; -10.6;  93.0; -11.5
       5779;201001071740;    3;  907.2; -10.5; -11.4;  92.9; -11.4
       5779;201001071750;    3;  907.3; -10.5; -12.0;  92.6; -11.5
       5779;201001071800;    3;  907.4; -10.7; -11.5;  92.3; -11.7
       5779;201001071810;    3;  907.6; -10.7; -11.7;  92.5; -11.7
       5779;201001071820;    3;  907.7; -10.8; -12.4;  92.1; -11.8
       5779;201001071830;    3;  907.8; -11.3; -12.6;  91.4; -12.4
       5779;201001071840;    3;  907.9; -11.3; -12.3;  92.2; -12.3
       5779;201001071850;    3;  907.9; -11.7; -13.1;  91.5; -12.8
       5779;201001071900;    3;  908.0; -11.8; -13.4;  91.5; -12.9
       5779;201001071910;    3;  908.0; -12.0; -13.9;  91.0; -13.2
       5779;201001071920;    3;  908.1; -11.9; -13.2;  91.9; -13.0
       5779;201001071930;    3;  908.2; -12.0; -14.0;  91.3; -13.1
       5779;201001071940;    3;  908.2; -11.9; -13.9;  91.6; -13.0
       5779;201001071950;    3;  908.3; -11.8; -13.4;  91.8; -12.9
       5779;201001072000;    3;  908.3; -11.3; -13.0;  92.6; -12.3
       5779;201001072010;    3;  908.5; -11.6; -13.8;  91.4; -12.7
       5779;201001072020;    3;  908.6; -12.0; -13.9;  91.3; -13.1
       5779;201001072030;    3;  908.7; -12.2; -14.2;  91.2; -13.3
       5779;201001072040;    3;  908.7; -12.2; -14.4;  91.3; -13.3
       5779;201001072050;    3;  908.9; -12.4; -14.8;  91.0; -13.6
       5779;201001072100;    3;  908.9; -11.9; -13.6;  92.1; -12.9
       5779;201001072110;    3;  908.8; -11.7; -14.1;  91.9; -12.8
       5779;201001072120;    3;  908.8; -11.6; -13.5;  91.9; -12.7
       5779;201001072130;    3;  908.8; -11.2; -12.6;  92.4; -12.2
       5779;201001072140;    3;  909.1; -11.3; -12.8;  92.0; -12.3
       5779;201001072150;    3;  909.1; -11.4; -13.1;  91.9; -12.5
       5779;201001072200;    3;  909.2; -11.1; -12.5;  92.4; -12.1
       5779;201001072210;    3;  909.4; -11.0; -12.0;  92.2; -12.0
       5779;201001072220;    3;  909.4; -11.0; -12.0;  92.1; -12.0
